---
title: "Convert list("stats::dist") to list("data.frame")"
rdname: "fortify.dist"
date: "2015-04-25"
output: html_document
layout: article
category: "ggfortify"
images: ""
---




{% highlight r %}
fortify(eurodist)
{% endhighlight %}



{% highlight text %}
##                 Athens Barcelona Brussels Calais Cherbourg Cologne
## Athens               0      3313     2963   3175      3339    2762
## Barcelona         3313         0     1318   1326      1294    1498
## Brussels          2963      1318        0    204       583     206
## Calais            3175      1326      204      0       460     409
## Cherbourg         3339      1294      583    460         0     785
## Cologne           2762      1498      206    409       785       0
## Copenhagen        3276      2218      966   1136      1545     760
## Geneva            2610       803      677    747       853    1662
## Gibraltar         4485      1172     2256   2224      2047    2436
## Hamburg           2977      2018      597    714      1115     460
## Hook of Holland   3030      1490      172    330       731     269
## Lisbon            4532      1305     2084   2052      1827    2290
## Lyons             2753       645      690    739       789     714
## Madrid            3949       636     1558   1550      1347    1764
## Marseilles        2865       521     1011   1059      1101    1035
## Milan             2282      1014      925   1077      1209     911
## Munich            2179      1365      747    977      1160     583
## Paris             3000      1033      285    280       340     465
## Rome               817      1460     1511   1662      1794    1497
## Stockholm         3927      2868     1616   1786      2196    1403
## Vienna            1991      1802     1175   1381      1588     937
##                 Copenhagen Geneva Gibraltar Hamburg Hook of Holland
## Athens                3276   2610      4485    2977            3030
## Barcelona             2218    803      1172    2018            1490
## Brussels               966    677      2256     597             172
## Calais                1136    747      2224     714             330
## Cherbourg             1545    853      2047    1115             731
## Cologne                760   1662      2436     460             269
## Copenhagen               0   1418      3196     460             269
## Geneva                1418      0      1975    1118             895
## Gibraltar             3196   1975         0    2897            2428
## Hamburg                460   1118      2897       0             550
## Hook of Holland        269    895      2428     550               0
## Lisbon                2971   1936       676    2671            2280
## Lyons                 1458    158      1817    1159             863
## Madrid                2498   1439       698    2198            1730
## Marseilles            1778    425      1693    1479            1183
## Milan                 1537    328      2185    1238            1098
## Munich                1104    591      2565     805             851
## Paris                 1176    513      1971     877             457
## Rome                  2050    995      2631    1751            1683
## Stockholm              650   2068      3886     949            1500
## Vienna                1455   1019      2974    1155            1205
##                 Lisbon Lyons Madrid Marseilles Milan Munich Paris
## Athens            4532  2753   3949       2865  2282   2179  3000
## Barcelona         1305   645    636        521  1014   1365  1033
## Brussels          2084   690   1558       1011   925    747   285
## Calais            2052   739   1550       1059  1077    977   280
## Cherbourg         1827   789   1347       1101  1209   1160   340
## Cologne           2290   714   1764       1035   911    583   465
## Copenhagen        2971  1458   2498       1778  1537   1104  1176
## Geneva            1936   158   1439        425   328    591   513
## Gibraltar          676  1817    698       1693  2185   2565  1971
## Hamburg           2671  1159   2198       1479  1238    805   877
## Hook of Holland   2280   863   1730       1183  1098    851   457
## Lisbon               0  1178    668       1762  2250   2507  1799
## Lyons             1178     0   1281        320   328    724   471
## Madrid             668  1281      0       1157  1724   2010  1273
## Marseilles        1762   320   1157          0   618   1109   792
## Milan             2250   328   1724        618     0    331   856
## Munich            2507   724   2010       1109   331      0   821
## Paris             1799   471   1273        792   856    821     0
## Rome              2700  1048   2097       1011   586    946  1476
## Stockholm         3231  2108   3188       2428  2187   1754  1827
## Vienna            2937  1157   2409       1363   898    428  1249
##                 Rome Stockholm Vienna
## Athens           817      3927   1991
## Barcelona       1460      2868   1802
## Brussels        1511      1616   1175
## Calais          1662      1786   1381
## Cherbourg       1794      2196   1588
## Cologne         1497      1403    937
## Copenhagen      2050       650   1455
## Geneva           995      2068   1019
## Gibraltar       2631      3886   2974
## Hamburg         1751       949   1155
## Hook of Holland 1683      1500   1205
## Lisbon          2700      3231   2937
## Lyons           1048      2108   1157
## Madrid          2097      3188   2409
## Marseilles      1011      2428   1363
## Milan            586      2187    898
## Munich           946      1754    428
## Paris           1476      1827   1249
## Rome               0      2707   1209
## Stockholm       2707         0   2105
## Vienna          1209      2105      0
{% endhighlight %}